124 13
0.964262 0.331034 0.842105 0.666667 0.740741 0.721649 0.61811 0.5 0.550279 0.476923 0.625731 0.6625 0.761905
0.831423 0.189655 0.705882 0.533333 0.623457 0.52835 0.214567 0.954545 0.114525 0.251538 0.730994 0.4175 0.404762
0.939986 0.298276 0.702786 0.58 0.666667 0.742268 0.69685 0.484848 0.581006 0.684615 0.654971 0.775 0.75
0.837492 0.439655 0.702786 0.733333 0.555556 0.43299 0.362205 1 0.396648 0.207692 0.502924 0.825 0.1875
0.881996 0.672414 0.73065 0.716667 0.697531 0.363402 0.273622 0.515152 0.318436 0.723077 0.333333 0.3325 0.327381
0.86379 0.398276 0.743034 0.8 0.604938 0.296392 0.214567 0.409091 0.231844 0.438462 0.385965 0.34 0.333333
0.861092 0.412069 0.705882 0.65 0.530864 0.358247 0.100394 0.727273 0.178771 0.761538 0.333333 0.4075 0.279762
0.792987 0.462069 0.904025 0.666667 0.635802 0.451031 0.399606 0.909091 0.293296 0.292308 0.719298 0.625 0.36131
0.900877 0.441379 0.727554 0.666667 0.549383 0.360825 0.0984252 0.560606 0.178771 0.430769 0.409357 0.6175 0.464286
0.958193 0.696552 0.755418 0.63 0.685185 0.734536 0.521654 0.454545 0.349162 0.403077 0.508772 0.8325 0.642857
0.928523 0.327586 0.829721 0.57 0.709877 0.773196 0.549213 0.590909 0.469274 0.484615 0.660819 0.7325 0.818452
0.878624 0.155172 0.529412 0.533333 0.530864 0.502577 0.399606 0.363636 0.407821 0.353846 0.695906 0.62 0.233333
1 0.282759 0.671827 0.466667 0.598765 0.721649 0.586614 0.439394 0.553073 0.4 0.631579 0.7125 0.622024
0.927849 0.263793 0.835913 0.65 0.814815 0.760309 0.53937 0.757576 0.377095 0.415385 0.730994 0.75 0.735119
0.915711 0.444828 0.832817 0.816667 0.648148 0.399485 0.165354 0.590909 0.430168 0.666154 0.432749 0.45 0.446429
0.919083 0.312069 0.835913 0.573333 0.691358 0.734536 0.572835 0.454545 0.407821 0.561538 0.748538 0.72 0.779762
0.879973 0.353448 0.996904 0.833333 0.765432 0.677835 0.527559 0.712121 0.536313 0.275385 0.660819 0.8 0.494048
0.952798 0.706896 0.848297 0.816667 0.592593 0.52835 0.149606 0.848485 0.377095 0.707692 0.356725 0.4 0.333333
0.828726 0.277586 0.684211 0.68 0.635802 0.283505 0.200787 0.560606 0.407821 0.234615 0.529825 0.455 0.517857
0.915711 0.286207 0.73065 0.636667 0.654321 0.737113 0.627953 0.333333 0.544693 0.530769 0.637427 0.72 0.901786
0.814565 0.194828 0.77709 0.8 0.481481 0.515464 0.311024 0.606061 0.391061 0.169231 0.766082 0.68 0.375
0.937289 0.289655 0.656347 0.533333 0.623457 0.798969 0.667323 0.318182 0.597765 0.469231 0.532164 0.8325 0.58631
0.844235 0.418966 0.671827 0.7 0.54321 0.657216 0.44685 0.393939 0.340782 0.153846 0.526316 0.695 0.193452
0.857721 0.301724 0.705882 0.75 0.518519 0.35567 0.346457 0.727273 0.455307 0.253846 0.51462 0.605 0.290476
0.814565 0.315517 0.718266 0.616667 0.5 0.412371 0.295276 0.787879 0.458101 0.184615 0.631579 0.5675 0.285714
0.837492 0.277586 0.678019 0.75 0.666667 0.515464 0.411417 0.515152 0.449721 0.158462 0.619883 0.74 0.205357
0.866487 0.275862 0.780186 0.593333 0.58642 0.639175 0.466535 0.393939 0.407821 0.302308 0.637427 0.9075 0.604167
0.837492 0.763793 0.845201 0.883333 0.62963 0.56701 0.419291 0.651515 0.477654 0.16 0.538012 0.78 0.217262
0.798382 0.498276 0.690403 0.6 0.691358 0.443299 0.259843 0.651515 0.265363 0.203846 0.561404 0.63 0.297619
0.919757 0.534483 0.79257 0.506667 0.716049 0.695876 0.596457 0.257576 0.463687 0.392308 0.561404 0.84 0.502976
0.838166 0.263793 0.708978 0.716667 0.530864 0.706186 0.620079 0.590909 0.494413 0.303077 0.403509 0.71 0.209524
0.879973 0.305172 0.650155 0.566667 0.660494 0.773196 0.590551 0.424242 0.567039 0.387692 0.51462 0.8375 0.526786
0.772084 0.413793 0.749226 0.666667 0.592593 0.747423 0.549213 0.484848 0.511173 0.25 0.467836 0.8475 0.372024
0.86851 0.515517 0.743034 0.666667 0.641975 0.335052 0.240157 0.363636 0.231844 0.415385 0.432749 0.355 0.315476
0.828726 0.243103 0.613003 0.533333 0.524691 0.657216 0.492126 0.439394 0.494413 0.223077 0.719298 0.685 0.254762
0.890088 0.306897 0.662539 0.373333 0.617284 0.68299 0.543307 0.393939 0.357542 0.336923 0.614035 0.85 0.625
0.881322 0.258621 0.650155 0.516667 0.604938 0.618557 0.519685 0.424242 0.382682 0.284615 0.690058 0.6725 0.607143
0.840863 0.262069 0.681115 0.633333 1 0.64433 0.44685 0.484848 0.916201 0.2 0.678363 0.6575 0.557738
0.892785 0.446552 0.888545 0.7 0.728395 0.721649 0.529528 0.590909 0.50838 0.332308 0.608187 0.7325 0.4375
0.871881 0.655172 0.820433 0.62 0.62963 0.621134 0.474409 0.378788 0.553073 0.346154 0.602339 0.88 0.458333
0.839514 0.522414 0.817338 0.9 0.598765 0.489691 0.114173 0.954545 0.318436 0.576923 0.391813 0.4325 0.52381
0.957519 0.303448 0.758514 0.506667 0.691358 0.842783 0.667323 0.515152 0.550279 0.519231 0.614035 0.7125 0.863095
0.779501 0.353448 1 0.95 0.734568 0.819588 1 0.712121 0.522346 0.461538 0.54386 0.9225 0.276786
0.83412 0.208621 0.79257 0.603333 0.604938 0.623711 0.521654 0.560606 0.581006 0.353846 0.695906 0.575 0.403571
0.888065 0.894828 0.718266 0.733333 0.574074 0.448454 0.124016 0.924242 0.432961 0.607692 0.350877 0.37 0.431548
0.826028 0.668966 0.681115 0.616667 0.691358 0.35567 0.153543 0.439394 0.318436 0.631538 0.380117 0.5 0.508929
0.948078 0.37069 0.808049 0.586667 0.746914 0.670103 0.494094 0.469697 0.349162 0.388462 0.619883 0.895 0.770833
0.909643 0.618966 0.678019 0.65 0.54321 0.417526 0.0944882 0.878788 0.24581 0.438462 0.473684 0.455 0.345238
0.820634 0.25 0.783282 0.633333 0.641975 0.487113 0.344488 0.681818 0.28771 0.226923 0.847953 0.5575 0.21131
0.898179 0.558621 0.736842 0.716667 0.567901 0.497423 0.149606 0.681818 0.349162 0.647692 0.321637 0.405 0.386905
0.871881 0.484483 0.835913 0.7 0.592593 0.396907 0.0984252 0.80303 0.209497 0.353846 0.450292 0.5775 0.357143
0.814565 0.358621 0.526316 0.583333 0.598765 0.574742 0.427165 0.393939 0.391061 0.253846 0.74269 0.74 0.422619
0.903574 0.674138 0.767802 0.766667 0.62963 0.463917 0.147638 0.651515 0.393855 0.561538 0.409357 0.39 0.446429
0.950776 0.372414 0.712074 0.6 0.648148 0.760309 0.653543 0.333333 0.664805 0.442308 0.730994 0.7925 0.89881
0.879973 0.665517 0.718266 0.75 0.524691 0.425258 0.312992 0.924242 0.452514 0.369231 0.491228 0.5025 0.306548
0.769386 0.127586 0.773994 0.7 0.54321 0.639175 0.395669 0.636364 0.402235 0.236923 0.643275 0.5775 0.258333
0.855698 0.263793 0.69969 0.69 0.493827 0.35567 0.287402 0.878788 0.452514 0.234615 0.561404 0.515 0.294643
0.950776 0.348276 0.743034 0.626667 0.635802 0.708763 0.574803 0.484848 0.664805 0.476923 0.625731 0.6875 0.630952
0.852326 0.234483 0.625387 0.56 0.617284 0.520619 0.277559 0.80303 0.173184 0.442308 0.573099 0.3975 0.267857
0.79501 0.367241 0.860681 0.95 0.567901 0.548969 0.440945 0.878788 0.49162 0.230769 0.567251 0.61 0.277381
0.78557 0.287931 0.811145 0.866667 0.54321 0.494845 0.316929 0.606061 0.374302 0.2 0.795322 0.8025 0.334524
0.83412 0.201724 0.594427 0.653333 0.481481 0.543814 0.393701 0.409091 0.290503 0.36 0.654971 0.87 0.303571
0.914363 0.294828 0.71517 0.54 0.722222 0.811856 0.647638 0.515152 0.653631 0.471538 0.555556 0.845 0.473214
0.800405 0.743103 0.739938 0.7 0.506173 0.737113 0.596457 0.318182 0.812849 0.215385 0.438596 0.91 0.22619
0.83412 0.194828 0.668731 0.633333 0.537037 0.902062 0.610236 0.287879 0.522346 0.342308 0.71345 0.7175 0.25
0.811868 0.741379 0.736842 0.733333 0.493827 0.541237 0.344488 0.636364 0.377095 0.2 0.461988 0.6425 0.345238
0.966959 0.289655 0.835913 0.833333 0.604938 0.721649 0.257874 0.80303 0.75419 1 0.333333 0.49 0.392857
0.908968 0.287931 0.817338 0.75 0.549383 0.670103 0.216535 0.787879 0.639665 0.903846 0.333333 0.445 0.369048
0.806473 0.187931 0.712074 0.7 0.623457 0.871134 0.42126 0.19697 0.460894 0.246923 0.578947 0.7825 0.527381
0.9265 0.287931 0.696594 0.546667 0.728395 0.670103 0.570866 0.318182 0.452514 0.45 0.538012 0.8 0.630952
0.862441 0.460345 0.767802 0.733333 0.691358 0.381443 0.267717 0.363636 0.351955 0.830769 0.280702 0.3675 0.285714
0.879973 1 0.659443 0.716667 0.530864 0.675258 0.521654 0.454545 0.561453 0.2 0.426901 0.775 0.22619
0.833446 0.660345 0.736842 0.7 0.54321 0.592783 0.181102 0.757576 0.290503 0.588462 0.327485 0.395 0.309524
0.894808 0.737931 0.69969 0.666667 0.740741 0.409794 0.135827 0.651515 0.377095 0.784615 0.345029 0.39 0.497024
0.97033 0.322414 0.758514 0.486667 0.592593 0.64433 0.496063 0.454545 0.553073 0.403846 0.596491 0.895 0.767857
0.910317 0.312069 0.808049 0.666667 0.592593 0.652062 0.51378 0.424242 0.463687 0.270769 0.654971 0.955 0.502976
0.968982 0.336207 0.773994 0.56 0.697531 0.992268 0.687008 0.363636 0.608939 0.6 0.502924 0.8625 0.880952
0.813891 0.372414 0.671827 0.7 0.524691 0.670103 0.521654 0.560606 0.377095 0.212308 0.502924 0.82 0.225
0.909643 0.286207 0.693498 0.8 0.537037 0.484536 0.362205 0.409091 0.28771 0.287692 0.573099 0.695 0.280952
0.866487 0.563793 0.798762 0.733333 0.654321 0.425258 0.11811 0.909091 0.268156 0.429231 0.508772 0.5275 0.339286
0.783547 0.343103 0.705882 0.6 0.604938 0.77835 0.444882 0.257576 0.377095 0.25 0.678363 0.74 0.205357
0.879973 0.298276 0.631579 0.413333 0.567901 0.701031 0.643701 0.257576 0.812849 0.553846 0.654971 0.7275 0.684524
0.92178 0.215517 0.594427 0.6 0.580247 0.541237 0.352362 0.484848 0.203911 0.292308 0.719298 0.615 0.375
0.935941 0.868966 0.690403 0.666667 0.493827 0.252577 0.0669291 0.606061 0.189944 0.376923 0.339181 0.3325 0.247024
0.83412 0.184483 0.650155 0.616667 0.54321 0.907216 0.738189 0.363636 0.544693 0.346154 0.608187 0.6925 0.392857
0.822657 0.522414 0.718266 0.633333 0.592593 0.322165 0.0964567 0.606061 0.203911 0.423077 0.385965 0.4575 0.303571
0.861092 0.591379 0.613003 0.533333 0.493827 0.420103 0.246063 0.651515 0.231844 0.261538 0.409357 0.53 0.221429
0.83412 0.281034 0.712074 0.816667 0.54321 0.572165 0.482283 0.606061 0.530726 0.163077 0.520468 0.695 0.203571
0.908968 0.312069 0.74613 0.683333 0.617284 0.695876 0.586614 0.393939 0.519553 0.392308 0.608187 0.8675 0.547619
0.84828 0.222414 0.650155 0.666667 0.635802 0.381443 0.114173 0.80303 0.391061 0.584615 0.339181 0.3875 0.380952
0.969656 0.618966 0.705882 0.533333 0.62963 0.837629 0.624016 0.409091 0.611732 0.376923 0.608187 0.86 0.633929
0.927175 0.298276 0.74613 0.533333 0.549383 0.670103 0.543307 0.439394 0.505587 0.430769 0.672515 0.725 0.785714
0.828726 0.546552 0.684211 0.6 0.54321 0.734536 0.588583 0.681818 0.784916 0.176923 0.830409 0.7075 0.241667
0.798382 0.153448 0.798762 0.6 0.580247 0.56701 0.435039 0.333333 0.656425 0.234615 0.461988 0.77 0.309524
0.948078 0.281034 0.705882 0.533333 0.777778 0.773196 0.624016 0.363636 0.586592 0.434615 0.637427 0.9275 0.464286
0.867835 0.794828 0.767802 0.716667 0.530864 0.438144 0.127953 0.712121 0.240223 0.588462 0.315789 0.465 0.372024
0.935941 0.325862 0.801858 0.5 0.623457 0.837629 0.700787 0.257576 0.47486 0.417692 0.51462 0.89 0.651786
0.954821 0.432759 0.767802 0.666667 0.561728 0.43299 0.137795 0.666667 0.346369 0.746154 0.362573 0.4275 0.392857
0.84356 0.213793 0.696594 0.583333 0.524691 0.515464 0.114173 0.909091 0.349162 0.419231 0.438596 0.3775 0.386905
0.922455 0.315517 0.73065 0.573333 0.641975 0.623711 0.529528 0.636364 0.550279 0.295385 0.719298 0.7175 0.589286
0.809171 0.260345 0.749226 0.733333 0.530864 0.373711 0.246063 0.757576 0.455307 0.276923 0.614035 0.6625 0.267857
0.923129 0.562069 0.786378 0.666667 0.660494 0.471649 0.110236 0.757576 0.223464 0.452308 0.561404 0.455 0.404762
0.933243 0.710345 0.736842 0.65 0.549383 0.463917 0.163386 0.727273 0.435754 0.693077 0.333333 0.41 0.285714
0.844909 0.95 0.817338 0.833333 0.592593 0.46134 0.11811 0.954545 0.307263 0.384615 0.479532 0.4225 0.306548
0.828726 0.487931 0.687307 0.6 0.54321 0.631443 0.442913 0.378788 0.555866 0.165385 0.672515 0.825 0.172619
0.831423 0.17069 0.603715 0.493333 0.839506 0.489691 0.364173 0.530303 0.77095 0.261538 0.619883 0.5775 0.446429
0.854349 0.168966 0.693498 0.6 0.611111 0.56701 0.38189 0.454545 0.407821 0.201538 0.719298 0.79 0.267857
0.849629 0.424138 0.681115 0.616667 0.580247 0.417526 0.129921 0.954545 0.26257 0.546154 0.426901 0.395 0.41369
0.88739 0.615517 0.665635 0.7 0.62963 0.386598 0.108268 0.651515 0.363128 0.307692 0.350877 0.42 0.494048
0.931895 0.301724 0.749226 0.466667 0.685185 1 0.73622 0.484848 0.522346 0.542308 0.590643 0.815 0.708333
0.9029 0.305172 0.811145 0.536667 0.574074 0.734536 0.57874 0.515152 0.405028 0.369231 0.538012 0.805 0.71131
0.935266 0.327586 0.866873 0.646667 0.660494 0.760309 0.584646 0.560606 0.49162 0.346154 0.730994 0.85 0.544643
0.956844 0.274138 0.767802 0.55 0.666667 0.850515 0.773622 0.484848 0.519553 0.669231 0.719298 0.705 1
0.904248 0.662069 0.656347 0.626667 0.555556 0.631443 0.527559 0.409091 0.413408 0.329231 0.532164 0.75 0.616071
0.879973 0.284483 0.789474 0.6 0.604938 0.631443 0.478346 0.439394 0.402235 0.326923 0.654971 0.6275 0.657738
0.969656 0.322414 0.736842 0.4 0.62963 0.850515 0.716535 0.439394 0.826816 0.576923 0.701754 0.75 0.920833
0.924477 0.32069 0.73065 0.553333 0.623457 0.67268 0.566929 0.409091 0.472067 0.292308 0.649123 1 0.616071
0.945381 0.289655 0.684211 0.533333 0.592593 0.68299 0.458661 0.393939 0.553073 0.361538 0.608187 0.8975 0.616071
0.910991 0.310345 0.820433 0.633333 0.679012 0.60567 0.498031 0.439394 0.430168 0.323077 0.643275 0.7175 0.651786
0.924477 0.974138 0.758514 0.683333 0.58642 0.43299 0.120079 0.787879 0.296089 0.592308 0.374269 0.435 0.440476
0.875927 0.287931 0.804954 1 0.858025 0.850515 0.568898 0.318182 0.547486 0.257692 0.766082 0.875 0.58631
0.895482 0.282759 0.879257 0.516667 0.679012 0.670103 0.527559 0.515152 0.379888 0.353846 0.637427 0.695 0.52381
0.857721 0.312069 0.681115 0.626667 0.530864 0.56701 0.498031 0.393939 0.494413 0.3 0.678363 0.785 0.425
0.914363 0.298276 0.76161 0.683333 0.716049 0.762887 0.547244 0.30303 0.684358 0.480769 0.573099 0.7575 0.666667
